-53.82800950806654 0.28628986365220044
-62.95101016168303 -10.964709349039481
-46.607010754655676 31.96028918805638
-37.75716205647939 -48.90557359657066
42.35607757098592 -65.05325899045289
36.371988926376275 154.89929022361792
-20.824717502037515 70.81384768882515
-3.6170096010295083 -49.848711010120894
38.453610781502334 19.951818930621812
8.223804496211073 22.19233358464834
-50.16741291814242 -11.461654239944608
45.5842620871465 -51.73949594830418
57.61599000376805 -48.24770996930283
92.80698881475757 -34.60171219239783
-44.528955297892026 -39.119590456337505
109.66123876632139 -146.49927232326831
123.59058491527719 -141.6761458528839
45.48973561695391 100.21973595798528
40.62460449513594 92.37442074465463
36.500989121947214 126.32528839250767
27.10598861081337 116.13228940800724
18.809988289063995 104.00128820183596
91.61699069369433 24.854288386485734
67.71498807644605 19.37728906222702
107.21198648651864 29.832288723987688
104.67298907416023 117.04228845937337
11.103988970262435 80.7082907464789
86.01998949687584 104.4872878284906
-66.88901147690274 -16.702710992994696
90.20599035720522 106.72029018202522
-39.47131014680849 22.039719390207324
-44.83401237787632 16.313288665315895
-13.828012430906256 55.90428955994042
-22.632009748875248 43.85229032001803
26.85841877783446 -46.91640954808918
-45.868009985127856 -52.45204307517071
55.20724252519926 12.602369295557025
16.45598977853524 -50.94570955275657
69.76131061118451 127.42469873446538
71.10788372456511 148.07167474589278
82.92667834939493 168.51880514915507
-20.85774766530335 -59.002556977191034
44.17559403256632 94.20913081126514
68.88589733061679 119.00095591280291
-12.83735679834308 -73.1083966653614
47.83707181053387 -64.24974736649602
9.857234849803831 88.53573329702158
11.54999405426338 98.4626169955618
-30.725011361596444 32.7582898784442
33.143990352144215 82.35028784589815
62.725989816740935 99.75329114134013
50.95899057910458 96.75729013290635
69.62398987487006 101.74129009716637
34.257987381536736 15.862290712263416
181.83698986427999 -125.77270873858737
-39.09458610640115 45.751686866445596
-27.360467760061624 61.85108724400834
-2.3190107426529494 110.9512894818181
43.732989078492324 137.21028957331782
-47.34900993551605 24.41629088641406
-24.789315154492897 -68.13425532433115
-58.106836845823295 -98.28894948868339
120.22911775754608 -26.869157553001344
106.87171812379859 -15.732890855105097
129.23726947326486 -29.385286191129012
-8.812713551691331 18.000410988193494
84.3815047625327 -3.2622346131248037
60.021132419777246 7.045707771013099
-40.93001054000922 -93.64904376322158
-22.748012260521477 -40.878710161578624
-13.070266954613885 -23.64113415196556
-13.006010858120476 -15.695709778960065
35.325988690800614 -60.62270981215079
33.28338419295562 -40.901167965891716
20.60310489220285 -43.352439721786595
-10.113009730446265 -25.923710384034848
-74.2740086099758 -94.79671077896512
7.379989993594904 26.674290084265806
11.418989912542088 31.66428837441515
-49.526012428160016 24.844288089290956
-41.947010779409766 23.000956316039378
-20.382011634737296 -54.99604357350307
105.07899065771653 -45.43671041375319
-63.066158448151555 2.4867829417445364
-34.67801158822681 27.33928946702946
-38.976009481672236 58.876290312788626
79.87959389616606 163.37553095765145
-44.96701084623567 43.672290094256994
46.69298893816176 91.18028809693612
-69.03501106320675 -6.913712638301206
100.91999155216058 114.09529085767645
-49.35701296727757 10.096290048473122
-8.022011285191866 17.255288470302332
-44.68701321555102 38.47929021075913
-11.674011827494724 12.44828943703169
-58.4150125370968 14.313289471381552
-68.12501269421034 -1.5167096959274318
99.55898850162725 -48.05670933493644
121.4093012819717 -121.36552972930303
-31.259010640170004 -153.45604334522278
-16.339009640887525 12.858289271356682
-26.628012468819406 38.37329007065904
-2.921546079306836 20.867940588672695
93.3889911542991 -49.33871083771635
-52.709009707214705 4.905290569993781
-16.280011528621685 -40.1407088416903
-42.49381681712805 -69.73202232592257
-43.009189897844635 -63.52302040627933
-38.534010063145274 -78.9860423919535
-42.47917317924532 -85.49571029615066
-27.115807119656665 -85.8631118219435
-25.640472809541848 -79.27446396129056
-25.452879261010253 -94.62577308823938
-24.211450764880738 -74.6946687889718
-33.71434281120855 -54.473015322933804
-40.30794628225465 -45.34754515851347
25.295991845425192 -51.42771054262596
-38.13300921989082 -42.64871091842082
-29.554009557898553 -41.67370936558257
-35.610802798643704 -52.66553059318824
-39.54145052007618 -45.279386972445934
-41.568010456074944 -46.1020431466963
-52.90901179378693 -37.36371043509479
101.3229894599732 -57.670711253287266
76.74698793906032 124.59628923812716
81.88298867595734 129.2172893939849
-13.184011885229552 -49.329710363871015
-43.16480963417746 -41.45713023591213
-26.98004837264989 -57.735474966882805
-11.605994705419675 -84.6441914824041
-12.213151241738274 -78.90702262393035
-11.057919112474224 -89.77646767301906
-10.299218232461271 -96.92530341870764
-13.486922137772694 -66.99471699783288
4.3094282930837835 -60.78939934803884
-4.917794818027232 -60.28626177634777
-13.941011053631769 -5.28771261785721
-17.183012350756144 1.4992892885175024
-20.590011645694517 -21.38471040820633
-16.246011272968985 -22.877712372128656
7.392989755487633 83.456289162946
-38.00651616180062 30.319121887131928
-31.830385790442506 27.70059740252151
-51.45601217577678 15.686289373377349
-50.69484471479768 19.876849668285956
-44.4388857796838 1.207265374532085
-48.98701042041864 26.21529014394497
-14.182010340903162 -16.993709691874415
-3.255009634841599 -18.191709777902076
-6.702009578773982 -15.19171206249581
-19.423008953651788 -12.593711837141086
-2.5508580234543388 -22.37664604157885
-6.573606866751902 16.537323145321636
-12.358010643595208 14.360956069268127
4.390612315617659 22.995350982320417
-13.118009685527454 96.78328919580537
-7.648009898872488 104.27328971376681
-35.08101004536002 64.15129078857973
-31.13701049657891 69.67828990869407
-14.580012657532393 69.30728934710828
-24.128093564570463 66.29302947839477
-44.728012484227975 48.68529026001056
-34.85596026048654 51.57837375593033
100.31829524001523 -11.723056938699017
-31.58650518511763 56.055336359442265
-29.605011434000517 74.19928918871221
-26.868008465910975 77.95429080473326
-8.25301100250897 77.98628875668356
-3.5280119554812472 84.46128991296575
-12.38301185745172 72.33028870687264
32.01498788806134 120.64228908410257
-16.43401176713155 92.24028925861916
0.9969903786100076 90.65328926666183
25.44799026688338 118.71229081076962
29.557987511893202 123.68529113079774
23.841990641770394 109.53828921542907
-2.891009960976021 110.78828872240365
3.6459895059977043 119.73728931452143
7.829991691210125 125.45729133223205
-2.4620085043665085 117.62329029789953
161.22898911652328 -136.82471133996188
148.71999109979583 -137.39370921378224
116.72139951636495 -144.38201909334225
101.65190209920638 -148.81184485261656
169.06698971472167 -134.36970875736876
175.888991490865 -129.70170936731762
133.95298889274443 -22.195710810436253
143.76778983438498 -19.25020764213059
74.54199080747514 20.097290129413636
81.90799076275823 21.962288990977186
75.62378813956627 -0.0037380037056777837
72.19199033457357 -52.72370988134867
-42.67501144974517 54.16628916418631
34.14498957150158 -54.423044018079736
-65.66400944075212 3.6542906161187716
111.44399004547267 -43.816711642520545
-50.44900913992478 25.70929155637458
-38.715885026618935 -153.73389232248513
-56.123012231637404 17.44728875605972
-47.02201199246758 13.302288832903741
109.12098851871121 122.6942890904894
94.28998986147974 110.12429058778395
-60.629011492466134 11.272289375973799
-38.799012003480016 21.66328986073296
140.317989269505 -138.84070964480344
-63.253013142755776 2.570287317119835
77.15498904285312 -37.34071076510048
85.1899917036576 -36.06371162508282
100.44860456463311 -32.652899729654905
108.89298893205535 -29.285711910816303
33.307987925283555 -34.24970927735416
26.266270846903694 -30.296647998994786
53.131281108306894 -63.45277782923375
46.88398886449363 -57.05771136508986
52.04798694730073 -49.989711464967
36.67961685103194 -65.71043947969457
34.79334727597916 -66.17870860888786
28.2836532671098 -67.15022227390222
35.39198893872708 -83.11404303085368
37.6942952243553 -79.29892497914182
20.911739032129617 -68.23792061862832
14.720803751586686 -65.00092165120464
37.964028540173445 -70.85293674086302
32.95199164747942 -50.40170895244245
38.71598751507577 -52.76971042237477
56.49199163890728 -55.637708970230904
63.31273695381867 -46.61505334877347
63.91999028164719 -40.15170958737713
69.95398966196831 -38.47770917939641
40.83898979310163 16.557288984152763
46.036860120494794 17.099863402982862
67.80990298811673 3.3296633835888656
25.062989715578965 -30.313709517763243
29.65999025737176 -26.848711477107656
19.009986914369392 -26.07471080968793
24.692990199056908 14.381290595444796
23.720239156219236 26.549242181964416
31.17690858802291 23.057118809944654
18.806988071872865 13.364290177690918
53.54498839275834 17.891289133004307
60.62898924174931 18.64029018300073
106.94098840127708 -69.29171037653958
103.18398962436959 -61.533708726315695
116.5493527371666 -20.605895056668544
92.72526898490696 -8.173400890264304
126.4089901392822 -24.3497113584894
136.1456661223599 -27.70033421425211
77.02737138423288 158.26054821172875
58.08299036382891 98.81629066315867
40.80699013745459 86.33628954627426
19.146988019215883 40.269289064731595
25.20798900849286 45.26795609753265
29.540050403298324 86.66975643782848
35.46420180242649 89.71955441231216
23.199989164069734 75.60029033746929
49.54839098272146 107.42783974447434
70.0077605953453 135.71566751313924
29.58498974670931 78.95129047529537
40.06798809416523 137.992290459664
47.17798841681997 143.64428937508222
0.7719890560053955 94.11229037844038
22.556990508192598 114.66629050065791
39.49298808758783 131.52828825736407
19.450991652320226 110.30728950390767
50.10399021585954 143.4762881903282
27.410989876088365 144.7932889917567
32.40798803287248 149.0882877532158
21.962989568038438 139.67628903431972
18.42298778848317 134.84629009972338
17.342988106946677 138.30428957123786
38.65898861512562 159.4802896886307
57.28071033975368 110.43992199186192
74.7322812249962 154.12026419914326
52.586989224280956 149.9822890461573
58.38698992468494 145.04328968568814
70.18837163556668 141.4910921215764
98.65099109006792 148.89528994697798
106.40798693739839 158.53228858394175
153.42498734706567 -17.12204368208603
86.62199031620332 173.35729011511347
-22.0030103453297 -59.42504384173475
31.980226060539962 -46.90708491428808
34.12440990476284 -51.311461997443075
90.85798759394947 139.75828920062838
63.89589400275497 112.0953307924708
11.7059890468596 130.7632909618306
-21.130011858844 85.81328955280298
-18.58501199265561 -49.17204444350176
10.519514725487511 88.56243367129224
19.450461501790528 86.26154208387504
15.841991267336653 105.76928891058657
18.00199001728231 77.79828945086109
6.244989573218618 14.819289413800618
13.22599062339691 14.013291065190003
-6.845939119557443 94.99865044577405
-0.9670090046256519 100.36728955506646
11.590991356825953 98.13728841971425
6.512989971326988 -50.4037109206692
16.715517428892213 27.21964869962079
8.732989837469063 -36.59570913411159
15.085987604081197 -40.183711412225875
9.998990083218473 -31.894710307824425
17.5219872253507 -31.107709188077592
15.7629889376949 37.01095630685103
14.328989080397037 -23.161044437415512
4.094988869510985 -23.616043618844174
0.10374945465230212 19.150009437097992
-39.729010546366794 -100.01304404028843
-88.26801051500865 -100.0260435392164
-86.1350103956795 -94.80104360235941
-57.41679143980605 -93.50681946473571
-68.10901135115444 -98.38204320168131
-49.58701100316887 -132.0640434675724
-56.43421094130474 -127.81724885381607
-47.280009349535135 -112.658710560126
-53.21200954833216 -109.0807127461062
-93.63401174604746 -113.14604316662269
-91.15601087479774 -107.0810432758833
-63.34088520347336 -116.60878473097114
-61.59895939525484 -110.5090006534013
-60.93233246407692 -125.09071225681367
-64.35060328246323 -122.03197870871918
-59.61526083703461 -103.54324750393573
-59.11101114809014 -104.92604316726073
-36.134430637247306 -133.8428849086526
-35.11331941280105 -126.50930529786564
-24.111796876368885 -152.0575137836957
-16.81592346747607 -143.22016335076881
-18.56923405141231 -130.45875947138086
-20.366746269232294 -121.1290650301251
-41.842011882678776 -132.53171050569534
-43.13101318183499 -125.70871062120403
-37.350739076472905 -149.02895193466748
-37.02401057745419 -140.31804380084623
-46.5230113478583 -140.92704390679955
-40.94701025114489 -137.30270953754342
-35.760826175916804 -120.92490147621504
-36.80651961983017 -115.41099851729797
-38.014989109896646 -109.03608725825364
-22.001116109905183 -112.36996598239557
-44.53802158133158 -118.31192053607964
-38.82734259765641 -104.75027023470318
-23.451173357656785 -104.7448905109647
-24.275950313352723 -100.55933283643981
-17.83628582602148 -134.44601930918054
-4.695625462872499 23.971560449396634
-48.7420111524699 32.6882888338389
-44.45583433316358 33.20244203015221
-44.08901316541858 28.873291172018867
-40.126011740113654 34.31729039100162
-28.84765502085429 34.85038399760043
-15.99301067706449 29.404289244951087
-44.40673390237748 38.48182134993294
-46.9675767993607 30.034263444562725
-43.48774460967775 34.79781459216014
-36.10501135885613 35.04328932915257
-30.133028002765627 32.94114496843292
-53.81501002823086 20.60528961335706
-50.253011407249915 25.522289530677256
-70.38110412834442 -19.60554512427848
-71.34274658973538 -15.65670965210586
-52.49301174698928 27.54028812537257
-11.82500978995904 -35.14871138848008
-12.992011914107593 -29.391044204594152
-55.523015602290116 13.186607399873651
-50.52990161757975 20.0216894739782
-47.79425122978864 -41.359234619712026
-49.97616356156698 -37.297073579047435
-52.93501211036755 -15.912709405725423
-50.83607896558817 -11.086968231602157
-52.69601092274456 -6.366044677022842
-4.135359272055439 -29.363307445009923
1.6189878119945433 -32.572709911633524
-52.53701027737634 -59.49604314120194
-58.64973879774027 -56.12664952201385
-53.51450662405455 -43.65716316635826
-48.81468943452205 -37.51231397290411
-54.5763198996525 -35.57122964913617
-53.2968727048484 6.104556571990827
-52.102011917469326 11.534956863869184
-55.63001156264136 -64.35404329634054
-51.06001063352039 -58.92104358337491
-48.508012009335744 2.9232892904857977
-53.42777990658476 4.995601753101653
40.69398807230584 -55.22571055526981
31.925988558185736 -51.434044345903374
-80.63901042827126 -88.40604414233155
-72.76401163778701 -80.82904381331701
-66.30701040649001 -74.62404408725831
-57.2067554004434 -83.28363315977327
-76.79201075157494 -84.69904306632259
-56.96024841689962 -88.85499898147486
-60.84901063137238 -69.3710435029189
-57.70499087681458 -49.49435872437391
-66.49700932602798 -3.5407091330128537
-0.7270129385119617 121.92728931848507
3.0619894682644144 129.2542884986858
-17.55579146151831 75.29042301597855
-15.006008236142065 81.30396256843397
-60.46001134826895 -5.439044450419317
-55.26600937989201 0.697288113777006
-69.32901059042251 -20.35171116747847
-71.56901086199241 -16.716711348436775
-72.02401258952307 -14.289710312858972
-47.82180664486191 -39.22352507141369
-52.756010495272676 -36.548710815047514
33.362987596277094 128.63928998228857
36.207989894606385 133.03528946323695
-72.50262606541469 -17.20378361795838
-67.98701323080536 -8.943710354941459
-4.272011710483525 100.75028886637938
-2.650012771837851 106.24528880482842
-70.69601199226838 -19.745043841894017
-66.16474120176008 -16.533920799417956
-62.58439634777346 -11.59383345222409
-69.7438286917702 -16.495379309162672
-64.58401094610622 -10.30270936715283
-75.92697008098526 -28.037202851656673
-76.76600892271779 -24.853711145368607
-74.62000948952152 -22.210709560098962
-75.76524831560505 -26.62533682699575
-75.73257342635031 -22.022954131657002
41.34398739199696 -23.5417121956516
47.66475933068648 -18.33640536787584
-76.54101208582631 -22.254710904356045
-74.94601201132411 -17.93270960592963
-72.26700945301445 -19.39971160399523
-73.81401080594685 -23.291709320126586
-73.88997562105715 -19.25472627372926
-71.85800933096687 -22.946710672755444
9.970989504338945 135.72328854278481
-56.511010024294706 -11.50071087621285
-58.96200964895115 -4.470711688085771
-56.56491743077652 -9.520827278876709
-63.812723948728944 -10.953446838996683
-60.79901206041427 16.138288973820636
-56.14901059418287 22.519290349762855
45.943323914627854 16.771980732755765
-62.95901152337535 8.058289301985155
-10.29281968052942 88.13784878654474
-58.967010101952155 8.460289269017096
-60.50879963621014 7.973759384391599
-65.33601193602578 10.008955955861154
-64.44801025867264 11.125289767164759
-13.184259846298119 -59.82955949558999
-55.84400910801435 -32.30171046143937
-19.60601103453996 -48.3880438387132
-28.596009461153926 -46.504711299689916
34.16698905205351 -25.355709547987715
-7.008007760035184 65.25228968697405
-18.347010739717007 49.72428778339122
-49.643010825136 -30.025042734557417
-53.289011542986486 -30.43071064728764
-36.70400938246132 -43.654710220458526
-13.34721111047088 -61.884106889316115
58.49098920228357 156.26928982719335
-57.41701095170981 -3.853043599541195
-10.236012410587136 60.83228965838572
65.13598811484655 -54.390712186766166
85.77198885073756 -49.92470907109947
-26.548065943330812 -88.82754528602987
-4.375009259803164 68.86128977397021
76.425988027637 103.45828885245822
-69.64401365947026 -10.449709123996342
78.24998704825248 -50.396709271808504
-44.72100945545776 24.053290222106227
-59.89901095513517 -7.466710432474599
-0.3520114456563306 74.37029016111296
-43.99400902799755 -152.48671035862316
-64.95510531046023 25.678649189828207
-21.119797710866806 39.03479972282042
-14.528920537571821 48.093332905501995
-9.824032806704963 54.46893975152278
